image_width: 240
image_height: 320
camera_name: narrow_stereo/left
camera_matrix:
  rows: 3
  cols: 3
  data: [230.988442, 0.000000, 115.420757, 0.000000, 228.809112, 158.170657, 0.000000, 0.000000, 1.000000]
distortion_model: plumb_bob
distortion_coefficients:
  rows: 1
  cols: 5
  data: [-0.024089, 0.068863, 0.001427, -0.016564, 0.000000]
rectification_matrix:
  rows: 3
  cols: 3
  data: [0.983972, 0.000059, 0.178324, -0.003494, 0.999814, 0.018951, -0.178290, -0.019270, 0.983789]
projection_matrix:
  rows: 3
  cols: 4
  data: [270.360020, 0.000000, 57.815897, 0.000000, 0.000000, 270.360020, 153.421219, 0.000000, 0.000000, 0.000000, 1.000000, 0.000000]
