# oST version 5.0 parameters


[image]

width
240

height
320

[narrow_stereo/left]

camera matrix
230.988442 0.000000 115.420757
0.000000 228.809112 158.170657
0.000000 0.000000 1.000000

distortion
-0.024089 0.068863 0.001427 -0.016564 0.000000

rectification
0.983972 0.000059 0.178324
-0.003494 0.999814 0.018951
-0.178290 -0.019270 0.983789

projection
270.360020 0.000000 57.815897 0.000000
0.000000 270.360020 153.421219 0.000000
0.000000 0.000000 1.000000 0.000000

# oST version 5.0 parameters


[image]

width
240

height
320

[narrow_stereo/right]

camera matrix
243.947820 0.000000 121.373871
0.000000 242.303211 150.230759
0.000000 0.000000 1.000000

distortion
0.035535 -0.036520 -0.005022 0.009636 0.000000

rectification
0.972009 -0.022963 0.233819
0.027477 0.999493 -0.016065
-0.233332 0.022040 0.972147

projection
270.360020 0.000000 57.815897 27.470218
0.000000 270.360020 153.421219 0.000000
0.000000 0.000000 1.000000 0.000000

