%YAML:1.0

#--------------------------------------------------------------------------------------------
# Camera Parameters. Adjust them!
#--------------------------------------------------------------------------------------------

# Camera calibration and distortion parameters (OpenCV) 
Camera.fx: 230.988442
Camera.fy: 228.809112
Camera.cx: 115.420757
Camera.cy: 158.170657

Camera.k1: 0.0
Camera.k2: 0.0
Camera.p1: 0.0
Camera.p2: 0.0

Camera.width: 240
Camera.height: 320

# Camera frames per second 
Camera.fps: 5.0

# stereo baseline times fx
Camera.bf: 21.94390199

# Color order of the images (0: BGR, 1: RGB. It is ignored if images are grayscale)
Camera.RGB: 0

# Close/Far threshold. Baseline times.
ThDepth: 35

#--------------------------------------------------------------------------------------------
# Stereo Rectification. Only if you need to pre-rectify the images.
# Camera.fx, .fy, etc must be the same as in LEFT.P
#--------------------------------------------------------------------------------------------
LEFT.height: 320
LEFT.width: 240
LEFT.D: !!opencv-matrix
   rows: 1
   cols: 5
   dt: d
   data: [-0.024089, 0.068863, 0.001427, -0.016564, 0.000000]
LEFT.K: !!opencv-matrix
   rows: 3
   cols: 3
   dt: d
   data: [230.988442, 0.000000, 115.420757, 0.000000, 228.809112, 158.170657, 0.000000, 0.000000, 1.000000]
LEFT.R:  !!opencv-matrix
   rows: 3
   cols: 3
   dt: d
   data: [0.983972, 0.000059, 0.178324, -0.003494, 0.999814, 0.018951, -0.178290, -0.019270, 0.983789]
LEFT.P:  !!opencv-matrix
   rows: 3
   cols: 4
   dt: d
   data: [270.360020, 0.000000, 57.815897, 0.000000, 0.000000, 270.360020, 153.421219, 0.000000, 0.000000, 0.000000, 1.000000, 0.000000]

RIGHT.height: 320
RIGHT.width: 240
RIGHT.D: !!opencv-matrix
   rows: 1
   cols: 5
   dt: d
   data: [0.035535, -0.036520, -0.005022, 0.009636, 0.000000]
RIGHT.K: !!opencv-matrix
   rows: 3
   cols: 3
   dt: d
   data: [243.947820, 0.000000, 121.373871, 0.000000, 242.303211, 150.230759, 0.000000, 0.000000, 1.000000]
RIGHT.R:  !!opencv-matrix
   rows: 3
   cols: 3
   dt: d
   data: [0.972009, -0.022963, 0.233819, 0.027477, 0.999493, -0.016065, -0.233332, 0.022040, 0.972147]
RIGHT.P:  !!opencv-matrix
   rows: 3
   cols: 4
   dt: d
   data: [270.360020, 0.000000, 57.815897, 27.470218, 0.000000, 270.360020, 153.421219, 0.000000, 0.000000, 0.000000, 1.000000, 0.000000]

#--------------------------------------------------------------------------------------------
# ORB Parameters
#--------------------------------------------------------------------------------------------

# ORB Extractor: Number of features per image
ORBextractor.nFeatures: 1200

# ORB Extractor: Scale factor between levels in the scale pyramid 	
ORBextractor.scaleFactor: 1.1
# ORB Extractor: Number of levels in the scale pyramid	
ORBextractor.nLevels: 8

# ORB Extractor: Fast threshold
# Image is divided in a grid. At each cell FAST are extracted imposing a minimum response.
# Firstly we impose iniThFAST. If no corners are detected we impose a lower value minThFAST
# You can lower these values if your images have low contrast			
ORBextractor.iniThFAST: 20
ORBextractor.minThFAST: 7

#--------------------------------------------------------------------------------------------
# Viewer Parameters
#--------------------------------------------------------------------------------------------
Viewer.KeyFrameSize: 0.05
Viewer.KeyFrameLineWidth: 1
Viewer.GraphLineWidth: 0.9
Viewer.PointSize:2
Viewer.CameraSize: 0.08
Viewer.CameraLineWidth: 3
Viewer.ViewpointX: 0
Viewer.ViewpointY: -0.7
Viewer.ViewpointZ: -1.8
Viewer.ViewpointF: 500
