image: bh_9f_real.pgm
resolution: 0.050000
origin: [-13.8, -4.1, 0.000000]
negate: 0
occupied_thresh: 0.65
free_thresh: 0.196
